SiteName="3D01"
Model="Layered"
Curve="ZINV"
Rotation="Imported"
StartDepth(m) Thickness(m) Rho(ohm.m)
0             11.791       124.39
11.791        2.3364       66.648
14.128        2.8557       45.955
16.983        3.3635       26.431
20.347        2.0036       14.065
22.35         2.2144       10.695
24.565        4.9305       4.6719
29.495        3.5212       2.2767
33.017        3.9613       2.7368
36.978        12.298       2.6803
49.276        2.9298       2.2186
52.206        6.8465       1.903
59.053        7.3416       2.295
66.394        8.0239       2.8271
74.418        8.9812       3.1955
83.399        10.115       3.3994
93.515        11.399       3.5106
104.91        39.995       3.5387
144.91        32.992       3.3055
177.9         40.753       3.3225
218.65        50.434       3.3992
269.09        42.645       3.3378
311.73        38.762       3.233
350.49        55.908       3.1359
406.4         50.817       2.9867
457.22        147.8        2.8999
605.02        296.2        2.8658
901.22        79.73        2.8765
980.95        196.83       2.8329
1177.8        240.91       2.897
1418.7        285.5        3.4682
1704.2        410.51       4.179
2114.7        481.95       5.6649
2596.7        564.79       7.9449
3161.4        672.51       10.821
3833.9        813.91       14.103
4647.9        998          18.117
5645.9        1237.8       20.862
6883.7        822.28       22.084
7706          2075.2       24.714
9781.2        2260.1       23.425
12041         2783         21.296
14824         3415.6       18.358
18240         6757.6       12.739
24997         2958.5       15.243
27956         3300.6       16.738
31257         3672.3       18.721
34929         10078        21.579
45007         5257.8       30.326
50264         10000        40.162
