SiteName="3D02"
Model="Layered"
Curve="ZINV"
Rotation="Imported"
StartDepth(m) Thickness(m) Rho(ohm.m)
0             14.942       95.175
14.942        1.8734       113.04
16.816        4.4357       120.53
21.251        5.9495       114.52
27.201        7.8215       98.044
35.022        9.5756       66.965
44.598        10.893       31.446
55.491        14.965       12.273
70.456        10.791       6.1332
81.247        9.7665       5.807
91.014        14.095       5.0515
105.11        12.635       4.1985
117.74        18.264       3.9777
136.01        16.438       3.5737
152.44        23.717       3.2068
176.16        21.512       2.898
197.67        31.316       2.8405
228.99        28.321       2.7245
257.31        41.185       2.6141
298.5         36.741       2.3043
335.24        52.906       2.0516
388.14        47.741       1.7516
435.89        69.433       1.5805
505.32        62.937       1.5317
568.26        337.58       1.4348
905.84        141.65       1.3454
1047.5        168.09       1.3513
1215.6        148.74       1.4889
1364.3        219.76       1.6963
1584.1        190.26       2.1308
1774.4        279.01       2.4337
2053.4        242.96       3.1129
2296.3        350.53       3.7573
2646.9        308.61       4.7466
2955.5        911.02       5.5111
3866.5        1105.3       8.7673
4971.8        1389.2       12.933
6360.9        2012.1       18.399
8373.1        2393.2       23.553
10766         1627.4       26.996
12394         1485.8       28.133
13880         2135.4       28.695
16015         1945.7       28.579
17961         4096.6       29.134
22057         2702.9       26.732
24760         3046.5       25.141
27807         7626.4       21.024
35433         4372.7       22.448
39806         6335         22.475
46141         10000        33.925
